span

  all normal
 0.4691  0.5309  0.0000  0.0000  0.0000  0.0000  0.0000  0.0000  0.0000  0.0000
 0.4310  0.5690  0.0000  0.0000  0.0000  0.0000  0.0000  0.0000  0.0000  0.0000
 0.5151  0.4849  0.0000  0.0000  0.0000  0.0000  0.0000  0.0000  0.0000  0.0000
 0.4877  0.5123  0.0000  0.0000  0.0000  0.0000  0.0000  0.0000  0.0000  0.0000
 0.4862  0.5138  0.0000  0.0000  0.0000  0.0000  0.0000  0.0000  0.0000  0.0000
 1.0000  0.0000  0.0000  0.0000  0.0000  0.0000  0.0000  0.0000  0.0000  0.0000
 1.0000  0.0000  0.0000  0.0000  0.0000  0.0000  0.0000  0.0000  0.0000  0.0000
 1.0000  0.0000  0.0000  0.0000  0.0000  0.0000  0.0000  0.0000  0.0000  0.0000
 0.5020  0.2117  0.2863  0.0000  0.0000  0.0000  0.0000  0.0000  0.0000  0.0000
 0.4779  0.5221  0.0000  0.0000  0.0000  0.0000  0.0000  0.0000  0.0000  0.0000
 1.0000  0.0000  0.0000  0.0000  0.0000  0.0000  0.0000  0.0000  0.0000  0.0000
 0.3575  0.0778  0.0625  0.0575  0.0649  0.0960  0.0575  0.0649  0.0837  0.0778
 0.4781  0.5219  0.0000  0.0000  0.0000  0.0000  0.0000  0.0000  0.0000  0.0000
 0.5202  0.4798  0.0000  0.0000  0.0000  0.0000  0.0000  0.0000  0.0000  0.0000
 0.4886  0.5114  0.0000  0.0000  0.0000  0.0000  0.0000  0.0000  0.0000  0.0000
 0.4739  0.5261  0.0000  0.0000  0.0000  0.0000  0.0000  0.0000  0.0000  0.0000

 normalize c     normolize s    normalize_ss=False
1.00000e-02 *
  0.7719  0.0000  0.0000  0.0000  0.0000  0.0000  0.0000  0.0000  0.0000  0.0000
  0.9408  0.0000  0.0000  0.0000  0.0000  0.0000  0.0000  0.0000  0.0000  0.0000
  0.7558  0.8552  0.0000  0.0000  0.0000  0.0000  0.0000  0.0000  0.0000  0.0000
  0.6260  0.8264  0.0000  0.0000  0.0000  0.0000  0.0000  0.0000  0.0000  0.0000
  0.7826  0.7367  0.0000  0.0000  0.0000  0.0000  0.0000  0.0000  0.0000  0.0000
  0.3743  0.3931  0.0000  0.0000  0.0000  0.0000  0.0000  0.0000  0.0000  0.0000
  0.7642  0.8076  0.0000  0.0000  0.0000  0.0000  0.0000  0.0000  0.0000  0.0000
  0.6923  0.0000  0.0000  0.0000  0.0000  0.0000  0.0000  0.0000  0.0000  0.0000
  0.6121  0.0000  0.0000  0.0000  0.0000  0.0000  0.0000  0.0000  0.0000  0.0000
  0.9116  0.0000  0.0000  0.0000  0.0000  0.0000  0.0000  0.0000  0.0000  0.0000
  0.8415  0.3549  0.4799  0.0000  0.0000  0.0000  0.0000  0.0000  0.0000  0.0000
  0.9656  1.0548  0.0000  0.0000  0.0000  0.0000  0.0000  0.0000  0.0000  0.0000
  1.0693  0.0000  0.0000  0.0000  0.0000  0.0000  0.0000  0.0000  0.0000  0.0000
  1.1650  0.2535  0.2035  0.1872  0.2116  0.3129  0.1872  0.2116  0.2728  0.2535
  1.0970  0.0000  0.0000  0.0000  0.0000  0.0000  0.0000  0.0000  0.0000  0.0000
  0.9909  0.0000  0.0000  0.0000  0.0000  0.0000  0.0000  0.0000  0.0000  0.0000
  0.9380  1.0238  0.0000  0.0000  0.0000  0.0000  0.0000  0.0000  0.0000  0.0000
  1.0499  0.9684  0.0000  0.0000  0.0000  0.0000  0.0000  0.0000  0.0000  0.0000

  test    no  normalize c        no normolize s    normalize_ss=False,    exp_final_Q=False   (all no nromalize)  ~

 0.9635  0.0000  0.0000  0.0000  0.0000  0.0000  0.0000  0.0000  0.0000  0.0000
 1.2129  0.0000  0.0000  0.0000  0.0000  0.0000  0.0000  0.0000  0.0000  0.0000
 0.8655  1.2100  0.0000  0.0000  0.0000  0.0000  0.0000  0.0000  0.0000  0.0000
 0.5176  0.7709  0.0000  0.0000  0.0000  0.0000  0.0000  0.0000  0.0000  0.0000
 0.9064  0.7568  0.0000  0.0000  0.0000  0.0000  0.0000  0.0000  0.0000  0.0000
 1.1587  1.2169  0.0000  0.0000  0.0000  0.0000  0.0000  0.0000  0.0000  0.0000
 0.8273  0.7528  0.0000  0.0000  0.0000  0.0000  0.0000  0.0000  0.0000  0.0000
 0.6948  0.0000  0.0000  0.0000  0.0000  0.0000  0.0000  0.0000  0.0000  0.0000
 0.7546  0.0000  0.0000  0.0000  0.0000  0.0000  0.0000  0.0000  0.0000  0.0000
 0.8515  0.0000  0.0000  0.0000  0.0000  0.0000  0.0000  0.0000  0.0000  0.0000
 0.8633  0.6972  0.9426  0.0000  0.0000  0.0000  0.0000  0.0000  0.0000  0.0000
 1.1173  1.2954  0.0000  0.0000  0.0000  0.0000  0.0000  0.0000  0.0000  0.0000
 1.0498  0.0000  0.0000  0.0000  0.0000  0.0000  0.0000  0.0000  0.0000  0.0000
 1.2283  1.2947  1.0393  0.9561  0.8889  1.3148  0.9561  0.8889  1.1462  1.2947
 1.2112  0.0000  0.0000  0.0000  0.0000  0.0000  0.0000  0.0000  0.0000  0.0000
 0.8660  0.0000  0.0000  0.0000  0.0000  0.0000  0.0000  0.0000  0.0000  0.0000
 0.8933  1.0684  0.0000  0.0000  0.0000  0.0000  0.0000  0.0000  0.0000  0.0000
 0.9672  1.1861  0.0000  0.0000  0.0000  0.0000  0.0000  0.0000  0.0000  0.0000
 

contain:

all normal:
 1.0000  0.0000  0.0000  0.0000  0.0000  0.0000  0.0000  0.0000  0.0000  0.0000
 1.0000  0.0000  0.0000  0.0000  0.0000  0.0000  0.0000  0.0000  0.0000  0.0000
 0.3302  0.6698  0.0000  0.0000  0.0000  0.0000  0.0000  0.0000  0.0000  0.0000
 0.4808  0.5192  0.0000  0.0000  0.0000  0.0000  0.0000  0.0000  0.0000  0.0000
 0.5093  0.4907  0.0000  0.0000  0.0000  0.0000  0.0000  0.0000  0.0000  0.0000
 0.5520  0.4480  0.0000  0.0000  0.0000  0.0000  0.0000  0.0000  0.0000  0.0000
 0.4952  0.5048  0.0000  0.0000  0.0000  0.0000  0.0000  0.0000  0.0000  0.0000
 1.0000  0.0000  0.0000  0.0000  0.0000  0.0000  0.0000  0.0000  0.0000  0.0000
 1.0000  0.0000  0.0000  0.0000  0.0000  0.0000  0.0000  0.0000  0.0000  0.0000
 1.0000  0.0000  0.0000  0.0000  0.0000  0.0000  0.0000  0.0000  0.0000  0.0000
 0.5302  0.2153  0.2545  0.0000  0.0000  0.0000  0.0000  0.0000  0.0000  0.0000
 0.2803  1.0000  0.0000  0.0000  0.0000  0.0000  0.0000  0.0000  0.0000  0.0000
 1.0000  0.0000  0.0000  0.0000  0.0000  0.0000  0.0000  0.0000  0.0000  0.0000
 0.4878  0.0547  0.0556  0.0516  0.0589  0.0631  0.0516  0.0589  0.0630  0.0547
 1.0000  0.0000  0.0000  0.0000  0.0000  0.0000  0.0000  0.0000  0.0000  0.0000
 1.0000  0.0000  0.0000  0.0000  0.0000  0.0000  0.0000  0.0000  0.0000  0.0000
 0.4892  0.5108  0.0000  0.0000  0.0000  0.0000  0.0000  0.0000  0.0000  0.0000
 0.5215  0.4785  0.0000  0.0000  0.0000  0.0000  0.0000  0.0000  0.0000  0.0000

 normalize c     normolize s    normalize_ss=True
0.2139  0.0000  0.0000  0.0000  0.0000  0.0000  0.0000  0.0000  0.0000  0.0000
 0.0889  0.0000  0.0000  0.0000  0.0000  0.0000  0.0000  0.0000  0.0000  0.0000
 0.0866  0.1756  0.0000  0.0000  0.0000  0.0000  0.0000  0.0000  0.0000  0.0000
 0.1679  0.1813  0.0000  0.0000  0.0000  0.0000  0.0000  0.0000  0.0000  0.0000
 0.1830  0.1763  0.0000  0.0000  0.0000  0.0000  0.0000  0.0000  0.0000  0.0000
 0.1538  0.1248  0.0000  0.0000  0.0000  0.0000  0.0000  0.0000  0.0000  0.0000
 0.1763  0.1797  0.0000  0.0000  0.0000  0.0000  0.0000  0.0000  0.0000  0.0000
 0.1623  0.0000  0.0000  0.0000  0.0000  0.0000  0.0000  0.0000  0.0000  0.0000
 0.1424  0.0000  0.0000  0.0000  0.0000  0.0000  0.0000  0.0000  0.0000  0.0000
 0.1795  0.0000  0.0000  0.0000  0.0000  0.0000  0.0000  0.0000  0.0000  0.0000
 0.1988  0.0807  0.0954  0.0000  0.0000  0.0000  0.0000  0.0000  0.0000  0.0000
 0.1043  0.3720  0.0000  0.0000  0.0000  0.0000  0.0000  0.0000  0.0000  0.0000
 0.2035  0.0000  0.0000  0.0000  0.0000  0.0000  0.0000  0.0000  0.0000  0.0000
 0.1898  0.0213  0.0216  0.0201  0.0229  0.0246  0.0201  0.0229  0.0245  0.0213
 0.1896  0.0000  0.0000  0.0000  0.0000  0.0000  0.0000  0.0000  0.0000  0.0000
 0.1982  0.0000  0.0000  0.0000  0.0000  0.0000  0.0000  0.0000  0.0000  0.0000
 0.1930  0.2016  0.0000  0.0000  0.0000  0.0000  0.0000  0.0000  0.0000  0.0000
 0.2095  0.1922  0.0000  0.0000  0.0000  0.0000  0.0000  0.0000  0.0000  0.0000

test  no  normalize c        no normolize s    normalize_ss=False,   exp_final_Q=False

2.2987  0.0000  0.0000  0.0000  0.0000  0.0000  0.0000  0.0000  0.0000  0.0000
 1.0559  0.0000  0.0000  0.0000  0.0000  0.0000  0.0000  0.0000  0.0000  0.0000
 1.0022  2.0270  0.0000  0.0000  0.0000  0.0000  0.0000  0.0000  0.0000  0.0000
 1.5178  1.6426  0.0000  0.0000  0.0000  0.0000  0.0000  0.0000  0.0000  0.0000
 1.4939  1.5622  0.0000  0.0000  0.0000  0.0000  0.0000  0.0000  0.0000  0.0000
 4.1982  3.4073  0.0000  0.0000  0.0000  0.0000  0.0000  0.0000  0.0000  0.0000
 1.6996  1.8051  0.0000  0.0000  0.0000  0.0000  0.0000  0.0000  0.0000  0.0000
 1.4246  0.0000  0.0000  0.0000  0.0000  0.0000  0.0000  0.0000  0.0000  0.0000
 1.4071  0.0000  0.0000  0.0000  0.0000  0.0000  0.0000  0.0000  0.0000  0.0000
 1.5189  0.0000  0.0000  0.0000  0.0000  0.0000  0.0000  0.0000  0.0000  0.0000
 1.7114  1.4928  1.7646  0.0000  0.0000  0.0000  0.0000  0.0000  0.0000  0.0000
 1.2491  4.2075  0.0000  0.0000  0.0000  0.0000  0.0000  0.0000  0.0000  0.0000
 2.0907  0.0000  0.0000  0.0000  0.0000  0.0000  0.0000  0.0000  0.0000  0.0000
 1.7412  0.9803  0.9961  0.9235  0.8397  0.9001  0.9235  0.8397  0.8982  0.9803
 2.1105  0.0000  0.0000  0.0000  0.0000  0.0000  0.0000  0.0000  0.0000  0.0000
 1.6491  0.0000  0.0000  0.0000  0.0000  0.0000  0.0000  0.0000  0.0000  0.0000
 1.9764  2.0441  0.0000  0.0000  0.0000  0.0000  0.0000  0.0000  0.0000  0.0000
 1.8974  1.8816  0.0000  0.0000  0.0000  0.0000  0.0000  0.0000  0.0000  0.0000
 
ner
all normal
 0.5030  0.4970
 1.0000  0.0000
normalize c     normolize s    normalize_ss=True
 0.5276  0.5213
 0.9894  0.0000
all exp
1.0077  0.9957
 0.8730  0.0000


str_base:
 normal:
1.0000  0.0000  0.0000  0.0000  0.0000  0.0000  0.0000  0.0000  0.0000  0.0000
 1.0000  0.0000  0.0000  0.0000  0.0000  0.0000  0.0000  0.0000  0.0000  0.0000
 0.0000  1.0000  0.0000  0.0000  0.0000  0.0000  0.0000  0.0000  0.0000  0.0000
 0.0000  1.0000  0.0000  0.0000  0.0000  0.0000  0.0000  0.0000  0.0000  0.0000
 1.0000  0.0000  0.0000  0.0000  0.0000  0.0000  0.0000  0.0000  0.0000  0.0000
 0.4877  0.5123  0.0000  0.0000  0.0000  0.0000  0.0000  0.0000  0.0000  0.0000
 0.0000  1.0000  0.0000  0.0000  0.0000  0.0000  0.0000  0.0000  0.0000  0.0000
 1.0000  0.0000  0.0000  0.0000  0.0000  0.0000  0.0000  0.0000  0.0000  0.0000
 1.0000  0.0000  0.0000  0.0000  0.0000  0.0000  0.0000  0.0000  0.0000  0.0000
 1.0000  0.0000  0.0000  0.0000  0.0000  0.0000  0.0000  0.0000  0.0000  0.0000
 1.0000  0.0000  0.0000  0.0000  0.0000  0.0000  0.0000  0.0000  0.0000  0.0000
 0.0000  1.0000  0.0000  0.0000  0.0000  0.0000  0.0000  0.0000  0.0000  0.0000
 1.0000  0.0000  0.0000  0.0000  0.0000  0.0000  0.0000  0.0000  0.0000  0.0000
 1.0000  0.0000  0.0000  0.0000  0.0000  0.0000  0.0000  0.0000  0.0000  0.0000
 1.0000  0.0000  0.0000  0.0000  0.0000  0.0000  0.0000  0.0000  0.0000  0.0000
 1.0000  0.0000  0.0000  0.0000  0.0000  0.0000  0.0000  0.0000  0.0000  0.0000
 0.0000  1.0000  0.0000  0.0000  0.0000  0.0000  0.0000  0.0000  0.0000  0.0000
 1.0000  0.0000  0.0000  0.0000  0.0000  0.0000  0.0000  0.0000  0.0000  0.0000
 0.0000  1.0000  0.0000  0.0000  0.0000  0.0000  0.0000  0.0000  0.0000  0.0000
 0.0000  1.0000  0.0000  0.0000  0.0000  0.0000  0.0000  0.0000  0.0000  0.0000
 1.0000  0.0000  0.0000  0.0000  0.0000  0.0000  0.0000  0.0000  0.0000  0.0000
 0.0000  1.0000  0.0000  0.0000  0.0000  0.0000  0.0000  0.0000  0.0000  0.0000
 1.0000  0.0000  0.0000  0.0000  0.0000  0.0000  0.0000  0.0000  0.0000  0.0000
 1.0000  0.0000  0.0000  0.0000  0.0000  0.0000  0.0000  0.0000  0.0000  0.0000
 1.0000  0.0000  0.0000  0.0000  0.0000  0.0000  0.0000  0.0000  0.0000  0.0000
 1.0000  0.0000  0.0000  0.0000  0.0000  0.0000  0.0000  0.0000  0.0000  0.0000
 1.0000  0.0000  0.0000  0.0000  0.0000  0.0000  0.0000  0.0000  0.0000  0.0000
 0.0000  0.0000  0.0000  1.0000  0.0000  0.0000  0.0000  0.0000  0.0000  0.0000
 1.0000  0.0000  0.0000  0.0000  0.0000  0.0000  0.0000  0.0000  0.0000  0.0000
 1.0000  0.0000  0.0000  0.0000  0.0000  0.0000  0.0000  0.0000  0.0000  0.0000
 0.1685  0.1446  0.1593  0.1748  0.0000  0.1764  0.1764  0.0000  0.0000  0.0000


test  no  normalize c        no normolize s    normalize_ss=True/False,   exp_final_Q=False

 1.1648  0.0000  0.0000  0.0000  0.0000  0.0000  0.0000  0.0000  0.0000  0.0000
 1.1563  0.0000  0.0000  0.0000  0.0000  0.0000  0.0000  0.0000  0.0000  0.0000
 0.0000  1.0069  0.0000  0.0000  0.0000  0.0000  0.0000  0.0000  0.0000  0.0000
 0.0000  0.9444  0.0000  0.0000  0.0000  0.0000  0.0000  0.0000  0.0000  0.0000
 1.1188  0.0000  0.0000  0.0000  0.0000  0.0000  0.0000  0.0000  0.0000  0.0000
 1.0509  1.1037  0.0000  0.0000  0.0000  0.0000  0.0000  0.0000  0.0000  0.0000
 0.0000  0.8784  0.0000  0.0000  0.0000  0.0000  0.0000  0.0000  0.0000  0.0000
 0.9033  0.0000  0.0000  0.0000  0.0000  0.0000  0.0000  0.0000  0.0000  0.0000
 1.0590  0.0000  0.0000  0.0000  0.0000  0.0000  0.0000  0.0000  0.0000  0.0000
 0.9740  0.0000  0.0000  0.0000  0.0000  0.0000  0.0000  0.0000  0.0000  0.0000
 0.9995  0.0000  0.0000  0.0000  0.0000  0.0000  0.0000  0.0000  0.0000  0.0000
 0.0000  1.0871  0.0000  0.0000  0.0000  0.0000  0.0000  0.0000  0.0000  0.0000
 0.9829  0.0000  0.0000  0.0000  0.0000  0.0000  0.0000  0.0000  0.0000  0.0000
 0.9780  0.0000  0.0000  0.0000  0.0000  0.0000  0.0000  0.0000  0.0000  0.0000
 1.1050  0.0000  0.0000  0.0000  0.0000  0.0000  0.0000  0.0000  0.0000  0.0000
 0.9432  0.0000  0.0000  0.0000  0.0000  0.0000  0.0000  0.0000  0.0000  0.0000
 0.0000  1.0955  0.0000  0.0000  0.0000  0.0000  0.0000  0.0000  0.0000  0.0000
 0.9831  0.0000  0.0000  0.0000  0.0000  0.0000  0.0000  0.0000  0.0000  0.0000
 0.0000  1.0015  0.0000  0.0000  0.0000  0.0000  0.0000  0.0000  0.0000  0.0000
 0.0000  1.1822  0.0000  0.0000  0.0000  0.0000  0.0000  0.0000  0.0000  0.0000
 1.1583  0.0000  0.0000  0.0000  0.0000  0.0000  0.0000  0.0000  0.0000  0.0000
 0.0000  1.0070  0.0000  0.0000  0.0000  0.0000  0.0000  0.0000  0.0000  0.0000
 0.9996  0.0000  0.0000  0.0000  0.0000  0.0000  0.0000  0.0000  0.0000  0.0000
 1.0495  0.0000  0.0000  0.0000  0.0000  0.0000  0.0000  0.0000  0.0000  0.0000
 0.9327  0.0000  0.0000  0.0000  0.0000  0.0000  0.0000  0.0000  0.0000  0.0000
 1.1594  0.0000  0.0000  0.0000  0.0000  0.0000  0.0000  0.0000  0.0000  0.0000
 1.0779  0.0000  0.0000  0.0000  0.0000  0.0000  0.0000  0.0000  0.0000  0.0000

{'winning_method:': 'single'}
{'exact_match %': 10.812033476589008} {'total:': 4421}
{'exact_match_ans %': 13.815028901734104} {'total_ans:': 3460}
{'exact_match_m %': 8.09771544899344} {'exact_match_s %': 10.812033476589008}
{'exact_match_m_ans %': 10.346820809248555} {'exact_match_s_ans %': 13.815028901734104}
{'exact_match_m %': 8.09771544899344} {'exact_match_s %': 10.812033476589008}
{'exact_match3_m': 38.5885546256503} {'exact_match_3_s': 29.31463469803212}
{'exact_match10_m': 59.760235240895724} {'exact_match_10_s': 45.64578149739878}
{'exact_match_most': 5.994118977606877}
{'exact_match_random': 3.732187287943904}
{'avg_Q': 8.7959737615923999}
{'ans_exist_rate:': 0.7826283646233884}

train
CUDA_VISIBLE_DEVICES=0 python train.py

--train_mode string_match_base_dis/span/contain/NER
--m_loss 0
--batch-size 64
--Q_mode Q_name/Q_desp
--tune_partial 1000 --fix_embeddings False  / --tune_partial 0 --fix_embeddings True
--rnn_padding 0

test
CUDA_VISIBLE_DEVICES=0 python predict.py

--train_mode span/contain/NER/string_match_base_dis
--model_file model_span.pkl/model_contain.pkl/model_NER.pkl/model_string_match_base_dis.pkl
--input_file data/dev_contain_e_rep_valid_cands_tokenized_all.json
--normalize_s
--normalize_q
--normalize_ss
--use_embedding 1
